每幅图像的标定误差：
第1幅图像的平均误差：0.0773766像素
第2幅图像的平均误差：0.0754902像素
第3幅图像的平均误差：0.0804317像素
第4幅图像的平均误差：0.0980643像素
第5幅图像的平均误差：0.0918788像素
第6幅图像的平均误差：0.0746451像素
第7幅图像的平均误差：0.096364像素
第8幅图像的平均误差：0.0964202像素
第9幅图像的平均误差：0.103699像素
第10幅图像的平均误差：0.0938378像素
第11幅图像的平均误差：0.134151像素
第12幅图像的平均误差：0.0967834像素
第13幅图像的平均误差：0.117459像素
第14幅图像的平均误差：0.110319像素
总体平均误差：0.0962086像素

相机内参数矩阵：
[1457.126340841834, 0, 351.521006802148;
 0, 1451.390545264289, 201.0106276609925;
 0, 0, 1]

畸变系数：
[0.7619025695441578, -75.17478654500572, -0.02239622847232213, -0.004350321952291806, 1685.805678558996]


第1幅图像的旋转向量：
[15.13844675239699;
 -23.43440931730809;
 299.764604636447]
第1幅图像的旋转矩阵：
[0.8617232346168904, 0.5052450554943623, 0.04648118780649636;
 -0.5063302503435935, 0.8622126650602056, 0.01479857414658487;
 -0.03259976239787446, -0.03628710663964388, 0.9988095420966527]
第1幅图像的平移向量：
[0.2137121308596904;
 2.396488593535135;
 0.6317116373189742]

第2幅图像的旋转向量：
[27.10008771189206;
 -2.81900581889837;
 291.9715120211528]
第2幅图像的旋转矩阵：
[-0.4658029616673168, 0.87301360765896, 0.1444812851003331;
 -0.8756405516800409, -0.4782931969357185, 0.06700180608374462;
 0.1275979041968552, -0.09530403248182942, 0.9872365047126612]
第2幅图像的平移向量：
[0.1752602948085149;
 3.033930463995663;
 -0.7808622791373548]

第3幅图像的旋转向量：
[15.45302243403267;
 -8.924631216959194;
 261.5142320387715]
第3幅图像的旋转矩阵：
[-0.195102416693713, 0.9752637855055474, 0.1039018560068225;
 -0.9800781911167217, -0.1978802555009104, 0.01703360737686337;
 0.03717238622482384, -0.0985086451245988, 0.9944416828241205]
第3幅图像的平移向量：
[-0.2967291109116016;
 -2.213848982150924;
 -0.31614546725689]

第4幅图像的旋转向量：
[18.40833771717342;
 1.887857507990233;
 268.4901198532764]
第4幅图像的旋转矩阵：
[0.5000024556796939, 0.8655648965659704, 0.02819493122915506;
 -0.8650828338280605, 0.4976768981833852, 0.06284421716098351;
 0.04036378240809633, -0.05581321391306444, 0.9976250048101274]
第4幅图像的平移向量：
[-0.2623037454305408;
 -2.572510373709981;
 -0.6005638803704124]

第5幅图像的旋转向量：
[27.81044024780146;
 -15.96097370417999;
 286.8260588953581]
第5幅图像的旋转矩阵：
[0.9164223474769889, 0.3990631156662303, 0.03031024182559114;
 -0.3999622145364323, 0.9158970569302144, 0.03409997140298569;
 -0.01415302045069718, -0.04337292728572056, 0.9989586984409264]
第5幅图像的平移向量：
[-0.3174429922098449;
 -2.770776582280391;
 -0.9165911333512139]

第6幅图像的旋转向量：
[19.00317022599091;
 -17.85812358652828;
 293.9261505970655]
第6幅图像的旋转矩阵：
[0.9739983182553552, 0.226030270659846, 0.01541404493234881;
 -0.2262337951356759, 0.9739856616127273, 0.01304610713304733;
 -0.01206424362522203, -0.0161940642908044, 0.9997960823625469]
第6幅图像的平移向量：
[-0.3004055856619549;
 -2.75054821400026;
 -1.072114045401672]

第7幅图像的旋转向量：
[24.3227927565487;
 6.883889003477541;
 283.656993512381]
第7幅图像的旋转矩阵：
[-0.4396015248357603, -0.8864191526269271, 0.1449537347509023;
 0.8924070851454641, -0.4493327243349179, -0.04134848514682438;
 0.1017845457043991, 0.1111808827898087, 0.9885740829891442]
第7幅图像的平移向量：
[0.05972949923151218;
 2.906295817039302;
 0.784345921175386]

第8幅图像的旋转向量：
[28.33810312742829;
 -21.50344426481954;
 288.9250151525056]
第8幅图像的旋转矩阵：
[-0.4735381273507909, -0.8772016094570303, 0.07924000448701368;
 0.8558071711438591, -0.4795181172301095, -0.1940527275428942;
 0.2082203826810716, -0.02407720112651754, 0.9777855391761847]
第8幅图像的平移向量：
[-0.05983121200918311;
 -2.755291864984164;
 1.155818145100355]

第9幅图像的旋转向量：
[-20.15381346684464;
 -18.79927351024967;
 295.913981348446]
第9幅图像的旋转矩阵：
[-0.3030041306391536, -0.9413407437945395, -0.1485466286657287;
 0.9525711078225448, -0.303786117108037, -0.01795214734096634;
 -0.02822731580119673, -0.1469408014295729, 0.9887424434694276]
第9幅图像的平移向量：
[-2.069678732674877;
 -2.173442124066157;
 -0.09214612561177048]

第10幅图像的旋转向量：
[-29.5166159657404;
 -16.3313551936998;
 292.0248803799358]
第10幅图像的旋转矩阵：
[0.2337155120283764, 0.9720307619028565, -0.02309236566196217;
 -0.9633947556104008, 0.2283004552970632, -0.1405327256318955;
 -0.1313301347737442, 0.05509174190117384, 0.9898066961152587]
第10幅图像的平移向量：
[-1.914356731583274;
 -1.95548774543521;
 0.2563342690860423]

第11幅图像的旋转向量：
[21.03634598236609;
 -9.526522659510716;
 283.7881265989097]
第11幅图像的旋转矩阵：
[-0.3928162327308387, -0.9167570228515305, 0.07247046540177543;
 0.9098331201273855, -0.3988930898377349, -0.1144027814302228;
 0.1337875211759983, 0.02099676003823141, 0.990787583312124]
第11幅图像的平移向量：
[-0.0988649972564293;
 -3.064815895970343;
 -0.425440470818807]

第12幅图像的旋转向量：
[6.991523031283796;
 -22.51727435546942;
 277.500991111346]
第12幅图像的旋转矩阵：
[-0.4518587408934862, -0.8913728935898921, -0.03574972519245584;
 0.8854754636815096, -0.4432775153566856, -0.1394211160377755;
 0.108429154272128, -0.09465415443807027, 0.9895876462201036]
第12幅图像的平移向量：
[-0.4484535089636282;
 -2.812092069700068;
 -0.4864264031943647]

第13幅图像的旋转向量：
[7.249658321547355;
 -17.55191852971641;
 283.8340329929333]
第13幅图像的旋转矩阵：
[-0.1531041755974298, -0.9877038616867142, -0.0316258284284185;
 0.9840751358798145, -0.1494608848313156, -0.09621627122563511;
 0.09030635834622128, -0.04585330429306721, 0.9948578974545317]
第13幅图像的平移向量：
[-0.4894717840158673;
 -2.907454538958898;
 -0.3867559276582996]

第14幅图像的旋转向量：
[-33.55354430329027;
 3.4054375128182;
 310.9374806095422]
第14幅图像的旋转矩阵：
[0.181382668999992, 0.9784113350551625, -0.09905345436689117;
 -0.9803460812765937, 0.1719493887474565, -0.09672108681669432;
 -0.07760082674859717, 0.1146501947008836, 0.9903703572618599]
第14幅图像的平移向量：
[-2.702884274872299;
 -0.8115774454985564;
 0.2841183082668647]


